Resultado BP-2 com Inicial NF
Bins Usados: 12
Perda: 6.06%

Bin 1 (920/1000): [132, 132, 132, 132, 132, 130, 130]
Bin 2 (904/1000): [130, 130, 130, 129, 129, 128, 128]
Bin 3 (888/1000): [128, 128, 128, 127, 126, 126, 125]
Bin 4 (990/1000): [125, 125, 125, 124, 123, 123, 123, 122]
Bin 5 (970/1000): [122, 122, 122, 121, 121, 121, 121, 120]
Bin 6 (938/1000): [120, 119, 118, 118, 117, 116, 115, 115]
Bin 7 (910/1000): [115, 114, 114, 114, 114, 113, 113, 113]
Bin 8 (1000/1000): [113, 112, 112, 112, 111, 111, 110, 110, 109]
Bin 9 (964/1000): [109, 108, 108, 107, 107, 107, 107, 106, 105]
Bin 10 (912/1000): [103, 103, 103, 102, 102, 101, 101, 99, 98]
Bin 11 (961/1000): [98, 98, 98, 96, 96, 96, 95, 95, 95, 94]
Bin 12 (916/1000): [94, 93, 93, 92, 91, 91, 91, 91, 90, 90]
