Resultado BP-2 com Inicial LFI
Bins Usados: 12
Perda: 6.06%

Bin 1 (916/1000): [90, 90, 91, 91, 91, 91, 92, 93, 93, 94]
Bin 2 (961/1000): [94, 95, 95, 95, 96, 96, 96, 98, 98, 98]
Bin 3 (912/1000): [98, 99, 101, 101, 102, 102, 103, 103, 103]
Bin 4 (964/1000): [105, 106, 107, 107, 107, 107, 108, 108, 109]
Bin 5 (1000/1000): [109, 110, 110, 111, 111, 112, 112, 112, 113]
Bin 6 (910/1000): [113, 113, 113, 114, 114, 114, 114, 115]
Bin 7 (938/1000): [115, 115, 116, 117, 118, 118, 119, 120]
Bin 8 (970/1000): [120, 121, 121, 121, 121, 122, 122, 122]
Bin 9 (990/1000): [122, 123, 123, 123, 124, 125, 125, 125]
Bin 10 (888/1000): [125, 126, 126, 127, 128, 128, 128]
Bin 11 (904/1000): [128, 128, 129, 129, 130, 130, 130]
Bin 12 (920/1000): [130, 130, 132, 132, 132, 132, 132]
